2.000000000000000000e+00 -2.828427124746188515e+00
3.000000000000000000e+00 -3.999999999999999556e+00
4.000000000000000000e+00 -5.226251859505504527e+00
5.000000000000000000e+00 -6.472135954999579610e+00
6.000000000000000000e+00 -7.727406610312544721e+00
7.000000000000000000e+00 -8.987918414869877637e+00
8.000000000000000000e+00 -1.025166179096602370e+01
9.000000000000000000e+00 -1.151754096628727275e+01
1.000000000000000000e+01 -1.278490644299931844e+01
1.100000000000000000e+01 -1.405334836666451892e+01
1.200000000000000000e+01 -1.532259515108078141e+01
1.300000000000000000e+01 -1.659245962111750927e+01
1.400000000000000000e+01 -1.786280854076102287e+01
1.500000000000000000e+01 -1.913354446701129419e+01
1.600000000000000000e+01 -2.040459447475664945e+01
1.700000000000000000e+01 -2.167590289491889166e+01
1.800000000000000000e+01 -2.294742649133970147e+01
1.900000000000000000e+01 -2.421913117088199385e+01
2.000000000000000000e+01 -2.549098968636470275e+01
