2.000000000000000000e+00 -2.828427124746190291e+00
3.000000000000000000e+00 -3.999999999999999556e+00
4.000000000000000000e+00 -5.226251859505508079e+00
5.000000000000000000e+00 -6.472135954999578722e+00
6.000000000000000000e+00 -7.727406610312542945e+00
7.000000000000000000e+00 -8.987918414869870531e+00
8.000000000000000000e+00 -1.025166179096602370e+01
9.000000000000000000e+00 -1.151754096628726565e+01
1.000000000000000000e+01 -1.278490644299932377e+01
1.100000000000000000e+01 -1.405334836666454734e+01
1.200000000000000000e+01 -1.532259515108078851e+01
1.300000000000000000e+01 -1.659245962111751638e+01
1.400000000000000000e+01 -1.786280854076098024e+01
1.500000000000000000e+01 -1.913354446701126932e+01
1.600000000000000000e+01 -2.040459447475668497e+01
1.700000000000000000e+01 -2.167590289491888456e+01
1.800000000000000000e+01 -2.294742649133970502e+01
1.900000000000000000e+01 -2.421913117088198675e+01
2.000000000000000000e+01 -2.549098968636471341e+01
